#660000 102 0 0
#990000 153 0 0
#cc0000 204 0 0
#cc3333 204 51 51
#ea4c88 234 76 136
#993399 153 51 153
#663399 102 51 153
#333399 51 51 153
#0066cc 0 102 204
#0099cc 0 153 204
#66cccc 102 204 204
#77cc33 119 204 51
#669900 102 153 0
#336600 51 102 0
#666600 102 102 0
#999900 153 153 0
#cccc33 204 204 51
#ffff00 255 255 0
#ffcc33 255 204 51
#ff9900 255 153 0
#ff6600 255 102 0
#cc6633 204 102 51
#996633 153 102 51
#663300 102 51 0
#000000 0 0 0
#999999 153 153 153
#cccccc 204 204 204
#ffffff 255 255 255